% Nodal coordinates (m)
% x coordinate:  x(:,1)
% y coordinate:  x(:,2)
% z coordinate:  x(:,3)
x = [
  15.90000000,   1.85347500,  -1.26306070
  16.37993300,   2.74947500,  -1.15390270
  16.72863500,   3.40047500,  -1.07459260
  17.04466200,   3.99047500,  -1.00271410
  18.69000000,   1.85347500,  -1.26306070
  17.34997700,   4.56047500,  -0.93327205
  19.01494100,   2.74947500,  -1.15390270
  19.25103100,   3.40047500,  -1.07459260
  17.64404300,   5.10947500,  -0.86638842
  19.46499900,   3.99047500,  -1.00271410
  18.01470600,   5.80147500,  -0.78208338
  19.67171300,   4.56047500,  -0.93327205
  18.20003700,   6.14747500,  -0.73993086
  19.87081200,   5.10947500,  -0.86638842
  18.60033300,   6.89479850,  -0.64888586
  20.12177100,   5.80147500,  -0.78208338
  20.24725100,   6.14747500,  -0.73993086
  20.31191500,   6.32578240,  -0.71820801
  18.92707400,   7.50479850,  -0.57457073
  20.54448900,   6.96708800,  -0.64007898
  19.25435000,   8.11579850,  -0.50013376
  20.77744500,   7.60944480,  -0.56182186
  19.58162500,   8.72679850,  -0.42569679
  21.01040000,   8.25180170,  -0.48356475
  19.89765300,   9.31679850,  -0.35381822
  21.23534900,   8.87208090,  -0.40799732
  20.15904500,   9.80479850,  -0.29436611
  21.42140800,   9.38512530,  -0.34549409
  20.42097300,  10.29379900,  -0.23479217
  21.60784900,   9.89922110,  -0.28286279
  20.68236500,  10.78179900,  -0.17534006
  21.79390800,  10.41226600,  -0.22035956
  20.93304500,  11.24979900,  -0.11832451
  21.97234200,  10.90428400,  -0.16041794
  21.20568500,  11.75879900,  -0.05631401
  22.16640800,  11.43940600,  -0.09522502
  21.45636500,  12.22679900,   0.00070154
  22.34484200,  11.93142400,  -0.03528340
  21.77239200,  12.81679900,   0.07258011
  22.56979100,  12.55170300,   0.04028402
  22.02360700,  13.28579900,   0.12971749
  22.74860600,  13.04477200,   0.10035372
  22.27439000,  13.75399200,   0.18675664
  22.92711400,  13.53699400,   0.16032015
  22.57906600,  14.32279900,   0.25605322
  23.14398200,  14.13499200,   0.23317308
  22.89562900,  14.91379900,   0.32805363
  23.36931200,  14.75632200,   0.30886859
  23.22236900,  15.52379900,   0.40236876
  23.60188600,  15.39762800,   0.38699762
  23.56329800,  16.16028900,   0.47991118
  23.84456000,  16.06678300,   0.46851956
  23.85800000,  16.71047500,   0.54693930
  24.07800000,  16.71047500,   0.54693930
];

% Nodal connectivities
%  Ribs: rows 1 to 27
%  Front spar: rows 28 to 53
%  Rear spar: rows 54 to 79
Tnod = [
              1              5
              2              7
              3              8
              4             10
              6             12
              9             14
             11             16
             13             17
             15             18
             19             20
             21             22
             23             24
             25             26
             27             28
             29             30
             31             32
             33             34
             35             36
             37             38
             39             40
             41             42
             43             44
             45             46
             47             48
             49             50
             51             52
             53             54
              1              2
              2              3
              3              4
              4              6
              6              9
              9             11
             11             13
             13             15
             15             19
             19             21
             21             23
             23             25
             25             27
             27             29
             29             31
             31             33
             33             35
             35             37
             37             39
             39             41
             41             43
             43             45
             45             47
             47             49
             49             51
             51             53
              5              7
              7              8
              8             10
             10             12
             12             14
             14             16
             16             17
             17             18
             18             20
             20             22
             22             24
             24             26
             26             28
             28             30
             30             32
             32             34
             34             36
             36             38
             38             40
             40             42
             42             44
             44             46
             46             48
             48             50
             50             52
             52             54
];

% Material connectivities
%  Ribs: rows 1 to 27
%  Front spar: rows 28 to 53
%  Rear spar: rows 54 to 79
Tmat = [
              2
              2
              2
              2
              2
              2
              2
              2
              2
              2
              2
              2
              2
              2
              2
              2
              2
              2
              2
              2
              2
              2
              2
              2
              2
              2
              2
              1
              1
              1
              1
              1
              1
              1
              1
              1
              1
              1
              1
              1
              1
              1
              1
              1
              1
              1
              1
              1
              1
              1
              1
              1
              1
              1
              1
              1
              1
              1
              1
              1
              1
              1
              1
              1
              1
              1
              1
              1
              1
              1
              1
              1
              1
              1
              1
              1
              1
              1
              1
];

% Geometrical parameters
%  I-section height: dat(:,1) (m)
%  alpha angle:      dat(:,2) (rad)
%  beta angle:       dat(:,3) (rad)
%  gamma angle:      dat(:,4) (rad)
